88
472
70
0
58
17
10
25
18
20
11
19
37
19
32
22
12
12
14
12
20
30
23
33
17
13
0
24
11
14
11
35
6
12
15
35
50
0
19
7
17
14
17
12
23
10
36
9
7
11
17
14
16
10
15
9
8
10
22
0
20
12
41
10
19
10
5
16
11
15
38
13
62
0
155
2
33
24
64
35
9
104
56
12
21
34
27
15
9
11
11
41
35
51
22
9
0
9
0
6
12
56
2
58
24
43
83
1
51
13
32
22
73
6
13
12
55
5
47
31
29
17
6
4
71
5
5
1
25
0
4
12
39
2
23
1
7
17
12
30
89
13
164
